3
152 717
96 84
60 100
79 103
58 1
36 130
99 126
65 75
85 110
77 22
51 128
69 101
75 13
118 40
47 112
22 78
117 134
27 26
98 122
129 4
123 29
151 70
3 64
9 104
38 102
126 90
79 59
39 2
89 21
59 0
134 81
79 99
79 122
125 25
92 119
45 63
148 44
150 16
109 7
120 147
110 111
101 53
18 4
55 107
26 130
108 8
75 51
123 2
21 97
27 129
80 89
40 92
133 38
108 106
62 93
102 36
52 67
89 86
72 8
42 98
139 14
122 62
81 93
65 118
54 108
95 134
45 151
91 43
54 47
149 116
4 99
16 56
31 105
143 103
113 49
49 116
79 19
27 24
128 108
142 31
64 101
29 126
100 120
17 18
32 14
150 36
130 14
109 9
119 100
112 97
13 25
61 108
60 104
132 52
60 138
83 141
103 129
131 51
97 148
86 145
26 84
46 4
99 3
29 82
119 5
43 132
46 121
88 106
73 84
23 150
70 106
3 21
83 134
88 45
146 38
54 20
123 100
41 86
103 86
16 70
92 76
66 138
45 18
109 134
118 132
132 52
102 135
89 50
133 42
111 127
80 29
148 51
130 53
137 97
139 18
32 95
94 114
98 3
133 55
137 115
51 118
16 17
117 105
67 99
147 42
90 76
72 102
127 66
3 129
11 7
11 43
102 105
22 48
124 3
119 109
118 34
91 150
52 73
104 135
36 99
26 126
39 114
77 31
28 96
8 55
103 19
115 54
140 137
102 112
4 70
85 122
104 25
137 20
98 89
4 134
52 46
124 92
24 49
123 52
146 147
107 97
30 86
15 34
71 134
10 75
68 95
62 36
120 47
57 82
136 77
80 36
123 53
144 11
118 115
63 128
126 34
74 4
121 105
38 56
87 48
132 3
144 42
40 128
89 113
75 89
38 3
141 25
72 134
36 39
113 115
15 88
13 105
92 134
59 147
39 146
43 35
14 51
77 70
44 30
31 119
135 69
122 140
110 43
122 146
98 100
125 113
36 138
67 144
137 142
3 40
0 63
75 14
130 16
84 22
62 131
141 45
48 128
33 22
35 20
16 133
136 141
110 20
144 41
28 129
31 48
17 32
111 92
62 89
124 11
112 34
142 117
79 55
109 128
77 144
12 110
141 148
115 116
32 107
5 77
84 37
125 117
69 84
73 131
37 45
6 149
79 149
131 22
52 88
151 129
97 11
103 102
24 67
66 56
22 88
133 123
125 106
88 58
54 10
53 92
55 60
105 151
57 100
21 125
37 36
118 150
48 70
116 88
137 47
144 23
135 142
146 108
96 99
30 151
109 83
107 28
143 60
27 64
25 65
37 62
101 20
76 13
90 56
101 91
103 94
114 86
84 125
58 44
72 104
59 45
36 14
73 43
91 117
124 116
30 25
42 131
45 134
145 135
38 110
74 6
52 37
108 0
10 31
61 98
135 120
143 19
151 80
79 106
61 51
86 91
76 144
87 138
126 96
121 28
54 60
50 123
113 7
139 139
38 48
85 21
33 92
57 32
20 0
2 82
51 88
37 143
96 140
129 86
84 115
114 3
23 13
126 0
36 113
139 74
26 88
111 59
28 32
107 48
32 109
146 99
61 48
91 5
36 84
91 137
63 69
140 86
98 130
86 134
107 89
72 133
25 32
40 53
64 147
118 97
120 128
60 29
24 151
34 61
100 141
62 11
59 66
114 5
44 64
4 151
2 76
149 43
124 53
97 37
65 79
150 33
55 74
79 80
74 129
5 38
119 83
49 42
149 11
63 41
92 67
56 94
8 53
1 132
123 114
33 36
41 47
69 113
122 12
57 60
142 78
98 109
9 11
15 6
39 78
63 131
10 119
89 18
37 90
14 8
53 48
60 110
111 145
71 81
6 144
5 148
70 103
121 79
115 136
85 18
78 148
149 104
132 102
122 33
40 1
41 109
49 117
68 24
110 3
106 116
148 111
128 66
79 97
10 58
97 95
76 40
108 89
144 104
39 131
137 95
132 42
53 45
7 137
85 117
4 39
98 0
15 74
83 110
36 93
16 149
52 108
53 24
45 46
128 100
41 129
43 37
19 112
98 42
97 31
24 102
87 122
118 118
60 65
92 112
22 124
126 75
80 27
115 141
89 92
105 130
85 148
31 105
109 145
11 70
41 35
36 128
21 3
110 98
84 50
74 107
22 48
30 118
76 145
123 13
101 76
8 51
72 55
20 45
49 31
116 106
83 16
82 104
19 56
66 104
122 141
75 8
37 105
126 129
114 97
143 80
21 15
131 109
86 151
19 135
46 151
89 129
15 35
98 51
107 12
3 77
17 78
101 55
47 75
32 25
36 39
121 73
54 116
47 141
131 66
140 26
81 94
3 96
145 117
147 117
130 14
58 147
108 8
66 3
99 115
45 0
2 30
73 73
147 136
78 126
66 82
16 147
24 36
92 34
1 87
151 147
118 57
143 74
65 73
94 29
36 139
29 39
33 118
128 28
103 54
19 33
136 35
29 25
71 137
75 89
88 74
84 54
147 91
129 61
13 71
106 65
74 135
104 123
101 96
0 68
150 35
102 151
86 147
40 22
132 115
111 84
37 59
139 32
151 132
109 28
67 63
93 5
62 62
128 28
6 144
96 21
27 62
20 130
73 60
0 69
39 127
2 76
34 5
124 33
137 98
61 52
25 19
57 104
81 49
132 87
42 92
108 85
3 144
63 92
68 63
10 107
54 12
47 89
17 36
138 18
150 48
86 23
83 143
143 12
56 123
115 98
64 88
32 83
80 95
23 13
23 49
120 77
77 32
30 110
84 17
128 82
81 62
121 12
69 113
24 126
84 3
88 12
91 120
111 20
80 135
49 103
32 33
44 126
65 75
84 13
108 61
95 37
139 81
49 57
42 89
47 142
92 135
19 32
104 130
68 48
129 133
15 26
14 59
0 80
150 84
109 122
145 53
7 133
150 72
54 56
25 101
62 118
100 81
14 68
76 98
116 53
79 131
79 93
55 79
37 69
28 11
40 21
64 63
18 78
136 88
134 9
53 44
143 2
142 21
86 66
135 51
119 62
46 47
20 117
142 73
35 18
84 91
56 12
2 90
106 2
43 88
12 96
149 19
114 139
41 49
53 24
116 20
103 10
83 139
144 90
76 27
124 25
134 44
37 136
151 8
139 42
96 15
2 93
34 133
80 91
30 149
116 10
18 67
36 117
70 28
71 146
71 44

116 5517
76 93
78 71
97 49
33 1
12 8
67 98
97 87
42 51
29 18
53 95
29 85
76 87
2 48
89 13
108 29
111 60
6 65
8 103
114 41
104 2
41 47
100 22
11 18
65 32
36 2
11 57
80 79
28 82
11 110
87 111
23 74
48 21
23 56
8 13
89 104
15 15
28 108
29 39
10 95
63 39
89 66
96 45
29 9
11 33
111 91
28 18
49 76
39 73
8 39
86 98
19 94
105 39
86 18
78 88
105 17
11 71
83 108
0 113
109 4
30 96
95 50
114 20
11 29
93 11
60 56
101 79
34 90
111 112
101 65
84 82
83 96
29 50
80 22
47 65
26 77
45 113
12 35
17 15
56 103
18 0
43 4
71 69
86 66
57 63
16 25
22 99
113 43
33 69
65 73
18 83
34 55
80 38
90 90
45 22
77 64
22 112
60 86
57 30
36 114
86 44
15 108
19 13
27 53
82 93
2 93
60 28
32 17
67 115
99 104
21 52
52 36
48 112
6 97
19 34
87 105
79 102
89 98
107 0
27 66
85 29
43 22
58 67
31 1
58 14
105 80
66 34
108 106
22 106
87 41
24 50
22 95
36 103
70 28
96 97
94 65
3 13
79 53
80 110
46 23
0 35
95 66
61 79
48 84
69 11
9 93
61 24
65 98
11 19
2 107
108 88
49 103
93 12
40 49
115 78
64 115
106 35
58 51
114 106
19 67
2 21
37 63
45 94
37 56
113 31
40 97
111 81
85 88
93 1
22 84
80 86
84 70
6 18
113 112
8 17
56 2
38 85
58 83
63 87
15 52
3 47
33 114
12 2
79 98
4 93
66 76
63 26
22 61
44 19
50 53
36 106
47 66
75 105
25 14
77 33
66 72
80 99
62 93
94 25
67 90
2 17
50 58
44 64
111 80
83 45
17 112
27 57
62 94
46 88
108 115
5 50
71 77
26 10
46 4
35 113
94 30
7 20
80 51
84 75
15 51
113 25
39 16
74 102
111 112
66 95
112 63
22 59
16 48
69 63
44 97
60 22
3 67
34 83
110 2
34 2
45 23
19 85
32 93
63 19
89 5
114 77
68 12
13 84
60 74
23 104
55 84
2 50
27 36
17 14
30 44
8 68
59 27
29 91
112 92
110 77
89 101
39 41
113 44
1 50
2 25
38 50
101 33
100 4
61 110
18 92
38 26
36 97
45 65
73 41
33 67
3 6
52 34
39 42
78 32
92 80
49 14
14 34
39 115
39 101
109 49
69 23
68 105
4 113
54 69
31 79
13 34
77 57
60 0
99 22
32 75
94 82
82 101
108 5
100 23
98 85
65 51
100 17
40 96
14 86
42 45
49 55
71 10
112 15
2 96
29 27
47 0
101 13
101 85
11 77
109 109
38 58
45 22
67 77
2 81
48 44
3 89
91 66
92 88
74 94
60 103
113 107
95 98
5 80
68 16
41 53
9 79
111 46
101 62
8 96
19 48
16 14
21 108
81 105
72 31
84 16
10 73
115 106
56 4
70 0
12 112
53 14
75 48
52 53
102 60
25 113
100 41
12 6
25 85
111 97
0 71
113 2
29 113
108 77
109 63
77 114
51 14
4 2
54 56
55 40
109 80
29 93
114 33
91 23
110 79
5 102
34 110
105 55
99 97
16 85
36 85
83 87
99 79
90 37
19 21
69 12
94 91
98 84
8 73
107 3
36 104
105 63
99 94
2 74
68 11
43 104
96 2
68 72
81 34
109 93
47 55
97 25
30 71
109 30
29 93
33 65
81 15
4 56
101 7
15 53
10 50
34 98
53 94
54 10
12 40
95 59
87 69
77 109
24 62
23 53
39 49
111 5
56 115
61 41
114 68
87 0
3 5
99 56
99 29
58 111
69 38
46 40
99 115
33 7
62 49
61 101
90 48
98 30
47 36
71 38
104 42
38 107
47 13
39 22
43 90
9 112
4 56
29 103
55 54
110 109
103 47
87 69
95 69
99 27
97 55
57 86
89 87
69 13
101 101
35 28
75 45
16 71
93 45
58 24
92 52
10 71
92 97
25 71
50 8
90 32
55 31
110 29
3 55
42 96
40 69
8 107
106 16
62 75
54 4
92 30
49 102
101 25
83 2
96 9
3 63
33 58
94 19
79 89
75 113
69 107
67 69
99 57
86 45
9 24
42 101
54 83
87 31
100 46
26 72
47 29
19 81
87 114
100 43
79 51
40 33
43 107
102 26
41 72
63 50
88 97
27 26
64 114
50 48
36 76
5 83
105 24
40 68
14 17
111 86
68 28
3 111
19 97
13 52
46 69
102 18
50 5
45 115
3 87
39 31
47 36
107 28
53 31
88 59
48 84
29 109
112 32
96 7
6 102
60 52
55 38
70 105
44 107
96 39
78 20
63 1
56 54
21 109
77 110
53 2
70 82
111 58
107 91
65 105
77 1
41 8
32 103
114 68
95 94
99 49
114 46
51 47
100 64
32 54
58 77
56 12
44 51
70 27
18 12
16 88
5 49
96 37
36 94
105 15
65 89
57 55
11 100
102 104
48 11
42 107
88 98
111 8
33 66
35 43
70 43
15 75
84 104
113 5
74 94
12 23
59 69
79 63
53 57
51 94
68 93
85 41
75 80
49 100
22 77
19 92
112 27
44 81
15 33
86 89
3 90
113 63
44 68
10 89
9 53
67 78
30 36
111 97
109 44
73 7
113 92
92 110
3 20
75 18
45 37
100 48
11 97
103 55
41 105
21 50
42 88
12 64
1 7
45 102
44 2
109 41
95 77
35 90
97 102
101 26
23 85
67 27
58 54
74 99
44 95
25 78
60 30
27 61
29 72
47 73
67 32
107 38
110 18
12 83
5 113
102 20
74 45
47 8
99 6
99 19
93 9
98 37
39 1
90 68
73 13
18 16
46 9
54 32
19 67
107 24
56 85
37 7
14 84
15 114
82 107
9 52
0 99
89 31
100 56
91 50
69 109
66 107
110 5
15 14
64 7
30 4
92 67
3 99
28 11
97 102
2 98
38 2
82 4
33 66
60 8
0 13
110 59
5 96
64 20
110 12
19 25
8 104
84 12
87 112
23 60
99 25
42 21
19 0
25 44
59 85
52 51
91 38
110 88
19 58
100 5
62 4
30 71
100 107
83 63
103 98
7 78
7 41
100 26
42 1
70 93
79 114
28 54
29 23
18 48
73 2
45 20
114 68
91 98
59 50
37 46
32 44
9 31
78 101
49 112
102 3
89 57
109 1
103 14
16 5
54 90
8 100
110 114
52 77
89 111
3 10
33 35
47 42
58 9
19 107
5 114
102 94
55 95
87 43
102 104
40 40
78 40
24 64
39 76
17 4
71 20
14 105
47 53
23 105
62 35
96 59
33 74
37 80
53 1
7 39
105 40
72 59
80 96
115 111
57 8
115 4
28 6
109 67
59 9
48 114
44 20
57 77
94 87
41 23
88 41
55 77
73 11
12 37
107 3
25 48
11 16
53 39
22 38
98 74
39 30
64 83
42 5
36 20
84 70
43 56
103 90
9 60
101 13
89 93
16 114
17 27
7 62
58 29
93 40
95 16
62 35
92 104
33 4
0 1
74 36
58 53
10 59
113 112
73 79
81 89
69 90
1 76
37 59
98 6
92 69
14 38
105 106
19 22
111 19
23 61
55 73
115 66
17 104
54 90
59 11
55 13
101 56
81 14
108 63
20 84
17 35
114 114
17 17
20 12
29 35
66 76
109 57
18 10
37 72
92 97
83 31
102 61
88 67
75 80
15 96
40 24
7 38
22 24
48 42
29 77
77 87
37 62
28 48
72 65
4 40
38 80
72 24
25 36
84 92
108 99
64 24
115 71
62 21
88 110
55 109
63 8
80 93
71 108
25 19
49 21
60 88
93 8
104 110
36 72
87 20
47 35
44 46
99 106
59 71
93 114
64 40
7 28
9 70
12 34
89 61
56 25
25 33
33 6
20 61
78 107
81 2
18 9
40 1
108 100
64 77
98 12
109 97
32 3
51 36
29 17
90 85
42 115
111 68
113 15
13 68
114 87
70 16
96 110
18 80
86 82
33 61
87 27
42 111
22 86
32 51
95 6
13 21
113 8
81 111
15 95
63 13
66 9
29 38
111 39
111 82
114 28
27 77
47 61
72 69
23 104
113 2
102 10
16 100
10 97
87 25
76 26
30 18
35 51
49 22
83 44
104 81
64 7
42 112
69 106
57 92
87 54
95 73
64 103
49 74
84 12
91 37
38 113
55 65
49 104
88 16
24 76
89 89
84 7
85 29
113 26
5 84
73 92
34 21
79 83
88 40
96 63
77 10
61 8
76 102
105 48
2 13
0 83
94 76
90 63
97 87
82 95
48 39
71 82
52 27
41 24
59 21
80 20
24 17
20 100
3 9
24 113
23 16
80 1
85 54
57 66
17 15
45 65
54 109
31 98
12 73
7 71
86 87
83 110
104 103
86 99
113 102
96 12
3 52
5 80
106 54
30 115
69 68
65 115
61 88
98 65
37 105
12 0
68 95
102 48
82 73
31 71
59 3
83 54
55 81
18 37
19 41
36 89
109 93
88 46
58 62
111 95
43 7
87 111
94 74
35 52
31 58
8 82
53 83
21 108
48 31
21 68
72 50
33 65
27 113
103 77
60 98
57 95
97 28
83 67
94 2
4 9
53 12
84 106
95 97
99 20
12 4
80 77
46 113
18 74
102 6
35 38
96 84
18 70
105 101
21 83
95 25
85 32
29 53
23 1
26 114
21 38
110 93
107 41
90 10
115 68
16 26
107 112
103 1
66 92
94 80
51 73
105 20
106 19
65 13
12 91
3 33
6 113
10 113
38 92
7 37
36 15
56 19
12 43
20 70
11 114
34 62
64 16
75 54
27 24
59 39
108 62
72 114
51 74
103 90
42 103
3 78
2 59
98 14
94 110
77 105
101 111
44 49
3 3
95 30
19 30
69 11
84 25
1 19
91 105
109 17
92 113
88 94
48 70
101 27
56 54
8 41
49 52
82 45
55 53
75 75
75 29
78 43
46 80
55 22
69 40
31 37
37 3
7 78
65 100
97 114
38 105
31 80
42 114
9 89
43 84
40 3
113 3
46 44
83 93
58 28
18 81
57 55
77 64
9 18
49 106
16 87
96 48
51 14
38 60
95 81
29 20
84 18
23 7
54 98
100 104
2 2
70 59
50 31
7 51
49 48
42 58
12 14
106 63
20 20
0 115
101 21
19 62
31 34
69 86
16 45
74 18
40 20
69 82
51 69
17 93
1 51
35 5
65 17
61 85
37 61
85 14
74 96
76 105
15 21
67 31
67 18
42 99
38 111
65 90
56 82
59 58
10 94
63 75
103 8
37 24
61 6
38 11
102 107
1 109
12 60
17 71
78 59
54 1
46 111
83 103
70 26
37 80
112 92
39 91
93 76
115 38
74 29
42 53
20 35
46 25
95 63
96 58
114 27
51 37
22 18
16 92
36 53
56 24
21 88
115 114
40 106
29 115
19 71
44 32
106 90
57 77
30 29
19 20
56 62
57 71
72 73
47 108
2 96
8 24
60 7
14 100
113 35
91 9
106 19
33 88
102 82
50 8
103 61
28 44
8 86
107 72
35 38
65 38
10 65
54 70
73 68
47 62
96 14
63 86
26 88
51 12
54 101
12 34
38 40
70 38
2 61
111 38
91 60
68 102
1 6
48 74
66 87
13 46
102 68
9 4
41 60
16 87
37 20
5 75
60 75
114 63
20 109
93 112
45 45
90 46
43 14
113 101
102 2
32 80
70 33
84 103
93 92
75 6
112 72
73 48
32 71
103 44
56 80
40 93
1 6
16 36
21 13
22 115
7 54
71 69
79 31
57 56
115 16
54 103
88 11
35 112
75 15
41 15
87 73
101 81
80 1
1 93
6 23
84 13
77 31
82 40
62 23
88 53
31 18
40 112
30 67
100 105
82 25
112 46
91 97
11 55
98 12
24 96
36 100
109 105
15 68
22 69
83 102
6 107
5 38
103 27
105 87
16 64
105 4
110 80
102 5
11 76
9 27
57 45
11 42
27 18
110 49
79 78
27 77
69 32
115 48
59 96
11 67
44 108
64 30
72 42
27 75
2 37
102 51
74 105
94 101
115 80
26 78
34 54
31 95
86 22
27 22
3 31
81 39
23 29
70 88
71 89
47 66
10 26
109 85
7 79
62 7
36 89
77 70
27 101
50 105
7 69
3 10
100 77
42 8
98 104
96 46
77 19
112 88
45 97
49 53
61 103
52 97
76 5
43 95
106 85
77 114
39 72
0 23
33 34
23 16
22 111
62 100
15 50
64 52
23 105
97 76
92 25
49 45
31 93
16 21
62 85
11 101
42 12
1 67
46 16
75 61
12 13
45 19
55 101
71 79
90 45
39 58
70 89
95 101
58 112
115 4
73 10
98 107
14 91
59 53
107 10
114 111
16 35
14 71
20 78
26 102
7 58
36 69
23 16
47 81
4 46
77 77
48 51
69 63
26 4
108 10
14 106
5 22
17 20
94 29
90 112
7 89
54 43
42 77
51 89
42 55
19 112
17 68
47 86
7 74
90 115
84 96
97 81
3 106
93 89
19 67
85 26
40 16
61 83
85 113
56 4
52 68
0 69
12 47
31 19
113 113
10 73
86 99
39 81
89 16
46 108
76 7
10 0
23 71
75 109
60 8
113 113
76 113
58 80
36 82
91 34
71 101
99 41
76 22
6 49
31 44
33 107
52 35
99 75
98 59
60 43
67 57
40 19
46 90
99 83
56 74
109 4
51 84
45 3
107 44
52 14
88 77
113 24
112 96
92 94
39 36
21 98
86 53
1 16
20 92
91 68
42 76
72 85
45 2
88 28
38 24
42 2
93 39
27 89
11 111
60 51
31 81
25 1
11 19
10 23
111 93
91 30
54 48
115 91
42 88
3 72
104 37
74 82
68 93
47 79
88 107
6 112
65 32
105 76
51 115
99 38
93 66
68 23
106 60
114 32
32 109
96 12
30 55
94 90
24 18
53 105
9 52
101 74
84 90
26 11
90 1
41 59
68 110
74 58
54 72
83 78
57 63
90 87
110 61
53 19
71 106
8 80
42 101
31 2
75 57
5 41
59 47
92 11
33 50
61 79
6 28
33 63
92 7
26 78
60 79
97 15
62 97
88 96
82 3
91 34
60 96
75 111
19 52
6 52
94 68
7 93
88 40
32 56
40 59
19 92
14 108
100 68
82 72
49 48
75 24
74 11
112 34
7 16
78 5
60 56
65 68
33 38
100 66
94 24
1 105
109 7
90 93
76 56
49 1
96 0
17 55
3 13
81 10
29 35
16 82
83 73
26 109
111 10
51 82
27 52
63 20
51 37
105 3
93 38
4 66
30 21
5 33
27 78
44 56
113 52
14 80
1 40
65 113
51 0
71 70
44 10
90 96
48 79
99 17
109 96
83 15
109 80
48 20
34 84
69 31
12 83
104 14
8 53
11 51
46 74
5 90
84 87
70 8
42 46
18 27
18 101
42 3
58 90
24 84
51 85
108 63
52 96
77 52
25 80
95 71
38 100
38 115
63 108
115 97
30 17
8 40
111 50
44 45
17 68
13 68
29 5
7 81
93 85
10 3
49 105
66 80
82 104
79 29
89 70
11 111
88 11
36 83
54 80
12 63
24 25
15 45
31 14
10 8
99 12
3 33
2 62
113 84
42 68
105 15
14 108
3 102
4 39
69 58
111 73
5 11
91 12
56 114
26 58
6 2
71 2
35 65
64 24
33 98
84 14
114 98
7 1
77 11
32 22
61 19
96 58
30 71
62 78
69 80
20 67
82 83
61 109
32 1
17 57
100 93
72 98
68 79
91 29
90 115
51 27
18 23
85 40
94 31
2 39
111 14
99 70
90 44
63 6
46 73
64 30
50 20
4 110
99 87
23 65
86 67
92 96
90 53
12 61
76 6
100 63
20 83
17 102
12 81
109 50
30 57
80 80
69 76
67 44
47 82
109 9
33 77
105 8
6 109
69 82
115 45
29 11
13 47
114 17
4 107
67 34
40 23
106 101
99 57
29 30
24 14
31 57
83 12
57 89
5 10
55 4
56 84
7 61
7 5
78 11
104 21
45 20
36 36
5 19
85 26
41 109
40 72
43 7
84 100
88 81
103 27
85 43
104 84
96 111
90 50
115 70
63 44
91 99
72 88
110 34
115 35
27 31
99 62
31 59
39 3
24 26
23 101
61 11
69 41
114 35
91 113
106 38
34 73
13 106
37 7
24 28
34 44
60 17
98 83
68 21
86 84
47 109
61 100
112 14
25 111
42 108
100 24
22 18
89 35
1 10
34 17
39 68
53 91
77 36
58 21
57 20
105 97
6 50
81 110
57 99
105 99
91 82
115 106
100 88
17 93
90 52
111 13
112 48
96 74
84 30
95 18
51 77
115 49
11 80
43 60
55 25
35 31
107 34
13 91
6 30
69 97
74 56
102 71
104 75
29 65
105 0
75 32
77 74
81 81
30 9
17 86
26 53
109 17
87 114
100 86
28 45
59 95
101 37
50 82
112 71
23 94
63 98
10 25
48 84
98 78
85 115
40 111
52 25
12 16
23 112
102 44
42 37
23 19
74 73
101 63
20 8
41 83
98 43
100 30
11 82
101 96
74 25
91 10
43 95
18 66
92 112
110 10
33 9
29 100
82 7
47 102
7 80
62 106
7 46
20 19
13 113
107 87
15 83
89 58
54 100
0 22
96 111
32 6
4 54
98 79
53 21
57 60
101 3
42 108
50 55
3 55
52 111
18 67
70 99
9 8
83 10
31 56
113 55
62 109
101 36
64 38
57 6
91 42
9 9
26 51
64 30
106 1
17 0
60 87
100 62
87 59
72 2
115 61
50 53
54 35
89 111
66 30
1 33
64 2
42 91
46 107
113 36
100 14
29 44
93 13
106 64
72 54
59 64
107 109
1 38
20 83
33 86
105 34
3 54
28 38
21 74
21 18
111 5
24 16
41 1
29 24
65 93
78 8
33 62
1 27
100 14
110 17
100 91
51 96
21 79
10 42
38 31
52 25
36 76
41 69
77 62
93 19
31 48
27 65
110 21
92 94
35 78
111 11
53 38
99 75
109 109
109 31
24 46
48 52
6 81
6 76
19 91
95 51
23 6
108 9
19 76
103 54
38 90
58 83
4 41
34 114
27 28
21 51
74 70
96 72
27 94
32 47
69 3
90 85
2 82
94 21
42 74
68 72
40 10
39 45
43 74
43 70
94 64
114 52
10 94
0 38
72 25
77 17
28 51
94 22
9 73
44 51
23 104
115 55
114 38
100 33
104 19
104 82
76 102
10 86
72 3
0 20
28 77
37 48
4 16
71 13
81 107
56 96
95 55
35 85
94 12
2 74
31 98
33 107
76 43
70 32
38 70
44 66
24 74
107 20
82 62
34 39
45 90
19 24
30 46
109 0
58 103
74 82
86 99
73 38
19 19
63 57
90 107
0 106
65 107
10 23
45 36
62 90
11 73
114 33
4 99
25 54
86 91
12 48
75 78
87 94
97 34
35 63
17 35
53 75
18 56
98 63
92 45
37 95
110 27
12 106
10 37
37 89
13 49
21 88
11 100
58 101
10 93
48 28
5 94
103 23
34 77
79 10
114 108
106 109
20 110
91 22
24 12
103 37
62 1
1 65
101 59
50 112
28 99
16 33
77 111
49 103
72 4
105 63
112 87
48 8
82 23
31 106
36 10
19 90
11 12
39 105
71 82
93 91
57 109
9 10
96 50
113 52
54 102
107 50
66 39
51 32
63 82
14 99
84 25
65 96
37 104
85 100
62 62
75 3
47 76
13 27
10 2
71 56
97 63
99 47
102 34
71 41
108 77
16 76
102 81
56 15
62 17
115 8
71 66
4 2
27 9
29 37
12 93
86 101
40 69
32 18
103 95
60 95
56 76
47 34
42 96
41 104
113 40
104 69
106 108
63 17
2 85
47 6
62 9
107 102
78 15
112 57
102 48
28 34
9 75
60 43
55 101
23 45
25 11
114 7
112 53
17 106
22 56
104 84
65 87
62 19
94 59
76 80
107 96
106 108
55 50
35 103
35 50
32 52
54 22
51 50
75 68
32 98
0 20
66 57
107 13
68 85
64 20
41 55
0 31
40 56
81 75
43 0
2 75
44 56
89 95
98 48
40 14
22 40
26 89
90 17
94 42
94 34
63 19
89 63
42 13
3 7
81 38
115 83
105 43
15 78
22 113
3 62
3 25
95 29
106 69
38 76
111 8
110 58
19 76
6 61
81 1
60 46
32 59
5 13
102 12
84 0
9 87
63 4
112 34
25 95
103 55
55 90
63 50
33 74
10 31
19 91
24 79
14 48
14 11
62 0
24 30
109 25
1 48
22 105
82 47
76 69
95 16
35 34
66 68
109 68
91 4
35 108
76 49
40 90
53 102
83 69
8 76
86 1
8 108
107 90
32 59
35 11
75 70
37 17
15 30
85 98
27 5
90 103
46 15
69 91
109 36
44 2
112 15
3 112
115 102
86 23
46 113
26 113
60 64
15 67
86 100
49 113
97 16
92 28
23 46
3 16
74 40
10 63
47 6
59 46
100 22
62 30
19 88
20 71
36 35
22 115
19 64
112 109
80 81
21 103
11 16
111 85
48 114
24 95
4 84
18 104
106 80
11 1
52 31
73 81
66 95
80 77
35 68
62 115
33 75
94 36
84 82
114 16
80 22
112 76
106 14
64 96
86 67
90 14
90 47
95 32
18 51
102 54
4 48
45 37
8 24
74 92
106 64
108 62
86 96
22 77
102 78
49 72
22 23
87 112
62 58
29 81
110 15
11 114
63 56
27 71
72 101
39 62
49 32
0 12
4 22
89 107
93 14
63 115
30 26
103 84
85 16
41 79
31 52
69 87
109 96
34 65
74 74
4 115
98 112
11 102
11 92
93 104
99 33
95 13
51 82
97 20
99 23
91 6
67 36
93 52
17 12
110 91
78 114
90 60
102 94
46 113
70 16
101 53
49 72
58 100
39 32
113 14
47 80
12 114
1 98
51 18
110 45
101 72
35 67
8 21
45 54
11 108
70 112
37 111
61 96
88 92
4 85
98 51
49 110
49 42
92 92
60 78
21 37
26 48
105 34
62 26
81 73
10 27
61 48
23 6
20 111
90 24
72 72
75 113
67 0
40 35
93 100
114 114
14 16
39 3
43 101
21 8
50 32
35 111
72 50
110 92
37 84
0 109
33 67
99 100
67 23
11 44
115 1
35 13
18 66
8 53
43 30
61 93
54 88
80 10
15 74
94 52
35 86
38 68
37 21
44 96
44 47
17 43
49 52
49 59
110 57
112 37
79 49
14 9
21 86
11 36
45 105
81 72
75 3
16 104
16 60
77 52
107 94
87 32
22 20
83 16
70 79
53 33
12 59
35 26
29 46
54 66
36 19
22 103
14 38
84 30
90 45
82 74
15 54
106 37
66 74
53 20
29 98
46 34
41 81
60 70
11 114
13 39
10 35
19 24
66 95
47 40
16 13
106 31
59 97
68 10
47 113
22 68
95 68
102 12
33 46
74 37
37 87
68 47
7 87
71 65
58 110
105 74
0 88
105 59
69 49
61 108
46 76
60 17
28 39
29 54
77 104
83 114
75 35
37 74
115 101
23 57
95 5
16 95
93 113
31 38
47 92
22 93
44 74
103 73
113 16
3 75
112 86
65 72
113 103
22 112
88 46
46 67
43 54
47 20
51 78
50 98
46 72
68 91
30 47
40 20
63 43
87 52
5 36
0 2
15 22
107 103
60 37
47 103
83 86
115 18
40 41
109 78
113 53
53 20
100 85
40 39
4 3
91 9
39 83
4 55
106 111
34 50
24 73
30 107
43 21
1 83
63 102
46 60
39 91
72 15
53 104
47 57
107 14
67 23
98 63
78 88
58 104
14 74
62 36
57 105
58 58
65 5
45 103
57 76
78 6
84 15
110 15
65 102
29 16
9 11
71 79
91 13
59 106
79 5
26 20
103 76
78 44
73 115
31 15
76 101
13 44
109 7
59 58
101 80
66 102
92 21
65 59
26 1
49 105
6 68
9 101
20 87
29 94
87 60
101 39
38 114
75 31
113 18
89 99
90 31
85 58
52 27
2 78
28 43
67 26
103 68
12 8
39 33
94 2
94 79
33 16
69 108
39 66
2 12
49 93
43 19
35 87
38 29
49 58
73 108
84 60
60 88
60 91
6 38
86 100
1 3
108 70
112 31
21 106
35 62
83 70
73 111
41 111
24 82
53 89
66 14
26 2
102 86
85 108
9 55
84 2
51 68
65 47
99 78
29 10
24 105
80 90
100 113
85 0
71 15
90 21
21 108
15 7
78 101
0 79
32 76
82 83
29 23
6 12
101 36
15 1
25 87
91 1
85 53
1 32
60 83
46 81
75 61
88 38
38 80
109 71
41 75
38 70
98 45
74 75
73 89
77 98
53 52
99 22
105 92
46 49
52 92
14 11
30 95
41 68
59 35
15 100
102 54
46 85
91 113
44 48
86 113
22 15
50 113
37 31
89 76
73 17
52 79
29 82
58 62
27 110
97 42
86 84
88 17
45 63
14 81
103 92
79 1
108 5
114 21
28 80
89 101
97 26
57 2
100 115
65 3
101 38
46 72
114 10
81 43
66 87
1 53
55 72
47 39
69 37
53 97
109 26
75 91
52 16
85 29
7 26
32 109
65 70
57 63
73 14
99 23
101 92
68 32
48 115
72 1
37 9
90 30
35 49
113 80
65 83
101 73
109 9
58 50
72 107
106 29
5 89
52 98
65 112
14 105
112 86
98 25
87 72
47 115
6 45
71 63
4 56
12 105
65 70
40 13
61 22
42 58
111 86
40 52
83 55
33 71
17 15
96 105
87 27
104 85
64 51
33 68
107 45
50 48
108 82
62 45
104 96
104 99
59 28
27 26
75 60
97 93
75 77
82 38
96 62
8 45
105 33
113 96
70 39
20 62
5 82
108 109
55 88
84 114
0 111
16 68
55 113
45 6
66 3
37 46
57 37
83 46
70 73
18 24
112 38
79 2
113 71
111 52
35 80
42 27
67 58
95 115
55 24
5 113
19 42
35 76
71 3
6 25
76 16
42 72
55 5
66 52
68 54
96 103
18 22
14 77
80 102
76 11
10 74
0 22
108 35
98 64
30 97
89 106
113 15
55 52
12 5
96 80
51 76
59 69
90 66
23 46
52 99
49 54
57 49
76 50
77 59
114 107
32 79
90 29
87 29
74 99
26 46
56 78
115 115
23 89
65 46
12 109
22 61
48 71
103 8
5 64
59 111
47 91
67 21
113 38
50 71
13 69
109 69
23 108
61 38
82 2
77 94
112 99
31 36
54 18
44 52
74 96
47 6
71 114
27 68
28 70
15 34
15 9
95 38
1 40
76 75
35 37
45 23
12 77
59 59
87 95
111 46
75 34
44 31
25 71
91 45
17 99
79 32
100 59
70 93
99 23
45 10
52 90
33 65
43 84
0 7
64 111
45 23
21 89
46 46
36 14
84 54
113 47
86 89
106 41
66 82
56 111
92 108
86 2
49 5
86 49
12 34
36 57
50 58
30 88
96 67
102 64
5 91
112 83
64 102
0 15
60 56
2 29
49 80
31 90
86 109
24 98
20 60
32 70
2 54
42 91
113 21
39 110
112 35
78 61
14 78
76 66
19 78
95 60
43 10
34 5
4 58
95 24
111 11
86 113
58 4
88 55
25 4
50 22
31 12
75 45
90 27
112 101
97 91
45 24
94 72
21 90
14 1
114 1
4 76
107 62
80 71
110 98
75 44
112 107
48 71
28 14
98 16
0 79
100 37
96 78
109 1
52 0
110 42
1 107
2 108
53 74
56 39
56 15
83 52
6 15
7 27
30 97
43 22
61 27
51 41
105 37
34 33
37 21
75 30
12 69
15 57
28 71
97 76
78 64
13 85
72 12
112 94
110 31
108 47
59 43
80 40
80 106
74 109
11 25
24 23
95 31
81 115
94 62
75 56
2 80
17 66
85 5
44 71
37 36
2 88
72 74
12 36
64 86
30 76
104 46
91 83
69 56
82 47
110 33
95 105
106 113
55 75
110 92
30 31
4 24
111 76
98 8
105 46
86 19
114 74
65 90
33 10
22 107
57 17
25 36
114 15
25 45
82 20
13 112
43 10
12 39
86 110
39 75
32 9
86 31
76 27
113 109
37 19
101 86
28 2
7 26
9 24
64 91
36 77
79 80
87 91
111 50
77 26
1 109
27 80
16 103
107 13
89 21
33 66
107 53
68 106
72 69
15 20
36 43
89 115
7 53
90 110
95 51
12 96
36 40
60 53
27 44
66 108
65 91
58 56
29 2
39 101
71 54
113 107
97 86
98 97
15 64
83 110
115 96
91 28
12 27
81 31
63 23
24 12
107 82
61 12
85 100
113 32
30 102
16 3
72 114
92 88
63 52
82 54
24 49
82 36
69 39
67 16
55 91
21 46
50 74
58 11
50 47
43 80
33 51
75 97
50 44
61 105
96 20
35 4
69 110
40 14
33 99
23 80
75 44
2 1
110 52
12 44
99 55
0 8
99 75
98 25
3 43
14 91
63 49
87 9
35 11
15 69
103 38
25 54
74 28
55 68
80 67
112 64
114 112
64 97
64 46
6 59
82 12
35 21
54 6
30 89
10 46
34 105
76 60
43 35
88 98
103 52
49 92
108 47
80 49
21 28
87 19
80 53
32 115
75 78
113 97
43 115
19 78
104 88
22 31
7 102
5 102
30 54
78 15
94 35
64 107
63 35
10 19
81 34
10 32
112 8
5 40
115 25
110 96
105 8
11 112
110 9
90 16
55 45
31 33
80 95
16 19
7 27
39 88
53 49
112 42
57 1
74 49
18 68
29 7
76 32
3 62
41 86
70 97
15 102
6 95
73 23
114 80
42 37
44 87
87 40
13 20
42 87
61 60
39 90
60 107
115 55
45 32
25 108
13 40
94 12
11 43
27 10
8 61
39 44
32 2
85 46
15 3
17 68
55 49
35 115
32 34
55 70
66 80
62 72
5 32
76 8
75 103
10 75
40 50
4 72
44 89
2 51
92 12
4 31
53 39
31 77
73 78
31 15
42 85
79 39
1 39
48 69
18 58
28 58
100 32
15 21
113 9
72 81
13 68
113 66
107 20
28 56
90 51
64 16
21 27
56 22
59 96
83 77
30 112
12 7
28 19
28 26
28 92
107 34
45 96
100 36
108 4
85 82
56 33
91 69
60 23
83 111
3 51
73 25
47 77
32 75
96 60
93 0
29 77
34 74
49 11
102 42
15 71
0 63
104 91
16 41
114 100
36 109
35 101
19 74
62 51
25 34
104 3
35 17
72 69
83 5
72 69
39 80
25 40
27 5
7 36
38 6
12 67
115 47
52 10
113 107
62 22
25 42
17 52
51 89
114 18
95 70
87 10
34 104
50 54
102 58
90 24
56 94
83 47
25 12
58 14
3 4
36 20
38 54
65 89
27 63
107 114
9 70
9 36
51 51
90 37
109 56
53 41
34 13
89 51
25 31
65 20
27 101
32 65
31 97
30 51
36 13
49 46
83 50
82 10
102 48
39 87
96 85
13 6
98 102
57 7
17 114
27 36
91 51
93 7
33 7
58 69
20 99
107 95
34 65
106 20
113 29
107 85
106 112
91 88
98 24
87 107
14 106
27 106
42 4
105 75
3 39
20 23
22 12
3 56
77 101
68 67
6 52
28 113
48 4
77 23
20 49
6 35
39 34
17 81
30 6
32 34
45 53
49 59
57 44
108 10
29 60
69 36
104 98
25 29
94 102
52 106
35 58
25 67
84 42
24 107
40 57
17 85
102 66
29 35
111 21
45 16
73 107
44 54
81 69
83 59
56 11
41 83
69 67
34 30
101 59
13 26
108 30
103 86
88 8
5 75
21 42
92 95
25 12
25 106
82 108
41 14
3 83
97 64
26 8
86 11
59 99
29 43
5 17
13 94
25 10
45 47
44 13
18 70
26 43
52 108
27 94
114 22
61 87
86 87
95 49
90 30
32 4
73 30
21 86
8 38
88 53
77 17
67 87
87 85
6 23
69 33
109 67
47 46
38 10
9 18
59 100
48 83
104 114
113 1
84 113
31 49
51 101
66 110
72 29
71 71
44 24
96 38
91 28
84 13
38 86
23 97
70 64
56 50
62 54
43 22
51 66
71 94
51 21
80 0
42 35
71 87
59 43
1 34
71 77
40 101
47 63
74 109
3 15
43 65
69 78
80 112
29 27
91 80
49 55
72 83
83 19
54 26
63 47
53 10
9 93
112 48
32 70
42 36
77 85
93 30
48 57
27 69
77 110
25 2
41 98
85 8
109 16
35 56
63 80
59 64
57 55
113 89
1 31
9 79
0 95
101 40
28 4
101 105
114 11
107 40
109 77
40 94
93 67
35 32
31 94
89 88
25 86
54 18
1 55
97 109
34 83
26 63
87 11
44 78
22 36
110 7
105 34
102 74
102 13
98 9
99 71
98 0
33 28
18 34
83 0
20 2
75 46
57 38
49 93
0 64
13 102
71 110
21 49
68 115
62 43
8 37
114 98
37 32
10 56
58 86
48 78
88 7
0 21
37 42
114 30
106 4
16 61
106 37
103 51
28 41
94 29
79 92
3 0
8 6
48 67
92 96
21 56
95 14
77 17
56 67
39 46
63 55
99 54
85 86
105 113
4 83
18 83
59 22
75 60
28 8
3 112
96 16
52 68
30 5
77 78
64 0
0 12
55 100
66 24
62 47
14 66
14 32
25 65
54 101
1 74
101 112
70 81
13 114
33 35
3 102
114 60
102 114
72 42
90 14
58 37
53 72
95 59
105 5
8 35
106 2
110 91
114 56
48 11
55 74
47 50
60 45
110 47
35 58
81 10
64 23
39 1
96 18
60 85
15 61
112 113
63 106
88 61
39 13
65 94
87 112
20 31
33 7
70 60
57 35
70 6
59 101
7 31
112 60
108 11
5 104
9 60
87 89
5 10
102 70
96 65
58 0
89 83
115 43
20 57
71 90
55 6
68 54
37 64
114 21
75 111
9 76
55 96
50 61
106 28
7 86
86 58
79 59
17 70
94 37
11 41
4 66
47 72
113 76
12 111
97 87
107 107
48 46
79 90
99 70
110 99
32 80
41 111
23 50
66 110
88 69
35 84
12 83
32 9
35 44
112 17
15 103
0 55
26 79
21 9
25 16
108 58
96 25
45 4
76 103
106 40
57 25
8 61
108 32
62 28
76 58
37 83
38 37
23 56
0 36
65 18
52 50
76 25
67 5
21 19
109 11
51 42
36 51
95 21
83 41
49 43
91 78
11 5
115 26
61 107
62 3
9 107
53 77
16 112
83 29
8 68
40 59
102 76
103 73
89 70
114 14
114 81
92 1
87 83
27 32
67 81
35 76
64 80
38 72
69 113
101 77
57 17
12 35
86 115
108 59
70 98
74 60
63 50
53 26
18 72
51 85
37 78
37 94
35 67
50 104
56 28
57 105
45 69
24 7
61 16
67 7
114 25
59 54
67 112
72 77
68 7
38 97
86 68
75 113
11 2
101 68
22 34
57 59
103 74
67 40
82 18
47 81
35 106
11 94
102 75
56 46
83 86
28 45
38 95
42 50
89 19
110 111
53 43
47 32
1 114
73 84
8 112
41 35
103 44
13 81
3 69
4 78
32 32
7 70
3 41
112 85
60 106
72 113
26 3
22 19
109 95
95 1
91 12
36 70
56 50
28 52
111 32
14 27
56 14
90 59
47 86
28 108
69 101
97 87
96 3
106 90
90 86
91 58
98 4
12 31
46 32
83 41
64 89
61 4
103 27
56 35
113 76
19 58
61 108
29 42
104 12
8 78
98 99
12 72
103 17
103 33
49 62
67 114
36 4
110 15
31 50
42 20
11 61
79 64
46 100
98 34
112 106
104 86
82 1
35 69
18 14
95 67
77 38
57 105
42 52
4 73
102 47
85 105
100 48
54 30
25 36
64 13
19 45
100 101
46 19
46 56
25 17
7 102
55 65
91 89
109 96
38 95
19 8
85 3
48 15
26 73
43 90
87 62
19 63
47 57
74 94
113 99
111 113
86 43
62 53
16 55
25 47
26 44
55 103
48 103
2 74
61 38
40 24
100 52
87 24
101 45
110 99
20 97
96 98
24 34
36 33
81 61
80 99
106 19
87 30
114 81
96 51
3 12
75 104
64 38
4 50
75 114
25 96
95 5
78 4
31 114
29 112
52 109
95 42
4 58
64 110
24 44
46 19
56 5
115 113
44 3
39 111
1 56
91 97
53 46
93 84
44 6
80 88
107 51
14 103
110 78
97 10
114 27
29 47
25 29
36 69
32 67
56 26
7 32
7 60
78 92
28 114
98 100
87 89
27 93
68 13
48 49
23 38
77 45
85 102
74 113
47 98
64 103
8 63
11 7
7 89
99 27
80 73
3 51
38 31
20 106
44 68
40 60
107 109
105 68
95 55
66 18
37 6
113 38
70 9
45 69
90 21
89 54
94 92
97 17
115 2
115 36
62 39
96 53
24 85
114 3
24 64
13 53
62 11
91 16
12 13
78 102
26 51
33 112
19 14
5 19
8 5
55 71
36 27
0 61
104 114
56 4
54 70
57 1
73 25
9 77
30 87
63 56
14 88
44 34
95 50
45 103
55 92
50 91
3 43
28 99
33 85
103 88
31 36
81 96
53 90
57 83
54 112
15 60
85 60
94 64
102 15
43 41
107 94
8 102
13 29
77 46
114 64
10 21
93 91
1 30
58 58
114 104
54 5
48 15
57 19
79 43
34 7
76 18
93 85
4 106
114 82
36 104
22 47
9 115
14 2
30 72
60 20
52 106
25 101
6 75
4 85
2 38
84 79
56 61
40 53
51 30
11 80
10 25
11 19
25 17
21 47
82 73
67 18
55 84
3 61
43 7
23 38
38 107
109 86
45 33
15 96
55 26
60 65
52 63
76 69
81 89
0 47
38 59
65 93
27 61
39 63
60 54
101 98
37 94
69 82
3 84
63 58
103 115
115 31
63 75
100 20
40 92
59 78
35 0
55 54
61 86
1 6
16 94
104 54
72 49
20 75
10 75
9 105
67 8
20 6
75 112
26 107
88 77
69 7
77 1
53 23
87 55
21 96
33 1
34 98
51 46
49 53
114 59
42 65
59 54
63 11
42 81
2 14
42 64
13 3
65 66
26 28
113 39
8 31
41 42
13 92
81 62
21 79
113 55
20 49
101 83
60 27
48 54
41 90
2 46
85 67
112 104
96 102
27 104
17 68
23 22
36 104
84 57
59 74
104 71
7 89
38 59
0 78
105 33
44 108
79 13
51 68
109 31
54 21
12 63
89 35
85 10
15 45
59 74
111 48
29 2
13 59
53 14
13 43
39 49
27 3
54 78
63 48
102 109
69 114
56 34
25 25
36 40
62 88
106 58
12 19
52 25
70 106
31 83
25 71
8 52
66 62
6 13
110 108
6 55
106 54
90 7
79 2
47 17
90 37
75 94
48 12
4 110
110 35
69 11
98 77
55 48
24 61
53 10
54 51
66 36
105 32
44 60
34 83
78 1
5 29
95 45
41 91
40 27
3 109
30 101
63 85
26 87
31 79
97 77
15 39
105 4
71 33
57 98
109 19
91 106
48 62
35 82
38 67
101 41
53 16
18 0
101 44
79 8
0 52
85 7
92 67
3 39
92 60
21 85
79 104
75 4
51 103
86 89
54 71
6 107
87 24
99 65
61 62
73 53
107 35
60 75
102 63
114 78
8 12
48 87
0 115
91 43
102 53
16 41
1 14
24 88
31 8
29 92
62 103
21 45
14 81
4 0
28 3
70 28
7 110
108 7
110 75
51 96
13 59
13 14
74 38
94 97
38 8
65 92
103 86
22 1
51 26
1 71
21 63
100 28
58 92
28 52
51 71
24 64
14 38
70 80
68 41
61 98
49 10
74 36
96 88
29 23
115 22
95 12
85 79
41 27
55 69
79 98
24 104
39 30
18 109
111 86
34 48
68 75
51 18
103 23
107 16
47 98
38 26
110 0
97 35
27 36
96 99
10 4
79 49
27 97
35 14
59 69
62 3
21 105
21 8
13 12
17 60
110 47
86 97
47 67
16 75
95 113
50 97
109 13
31 12
110 66
26 53
11 81
56 32
70 69
33 83
82 50
27 68
89 105
49 21
48 58
88 19
47 22
1 32
35 32
45 21
90 71
74 93
36 6
2 107
67 35
74 25
77 94
94 50
83 19
71 16
69 35
35 0
57 28
33 92
52 70
113 26
17 63
112 54
61 114
37 13
33 103
30 102
81 8
36 41
20 100
49 89
19 76
82 69
105 107
37 41
61 27
60 78
82 56
8 28
54 37
33 79
25 63
65 98
64 101
23 76
77 72
41 97
33 7
42 14
114 79
55 51
106 107
14 73
47 14
93 93
52 2
56 69
57 5
51 5
99 67
73 60
23 115
33 48
6 75
54 113
31 110
48 21
93 54
86 25
69 55
2 113
57 59
66 115
56 109
112 39
60 70
100 76
69 17
8 75
85 63
72 0
49 113
13 26
51 100
43 112
39 38
101 89
97 51
88 37
37 76
69 97
30 53
57 99
62 58
51 31
113 115
23 46
112 37
64 40
13 100
28 44
22 14
17 111
57 97
24 94
58 93
68 88
30 9
64 85
67 115
108 64
106 16
102 103
45 43
19 58
27 39
102 49
53 112
44 103
93 68
73 27
46 25
0 68
35 56
29 94
47 22
35 37
30 21
16 67
56 35
9 83
75 103
8 4
91 52
99 61
113 57
88 35
74 80
95 101
20 9
80 67
23 115
105 45
12 5
112 69
33 113
36 100
92 37
96 68
89 80
13 78
13 101
105 87
58 85
73 78
86 29
22 101
28 11
30 32
8 18
101 41
15 14
17 107
51 114
51 16
78 64
87 83
42 76
54 100
37 3
54 7
32 76
100 60
87 6
85 88
24 70
5 31
76 23
23 11
13 74
20 83
15 107
50 49
67 104
33 105
100 87
104 16
40 89
69 11
95 38
91 4
108 97
35 61
112 50
72 9
1 92
92 8
83 26
57 27
6 82
16 106
45 112
115 85
85 68
89 57
106 64
53 90
37 88
35 33
15 100
34 8
68 10
16 28
28 65
55 27
31 63
9 76
59 8
38 21
76 11
78 58
67 15
25 105
95 52
22 102
36 49
110 105
59 2
17 80
67 64
107 98
11 108
51 62
1 89
83 69
100 37
12 51
52 37
32 24
81 47
10 2
96 5
99 31
7 0
111 75
64 94
49 67
87 100
13 80
65 89
33 41
10 37
85 55
66 1
79 32
48 89
34 20
86 17
52 94
9 39
45 65
18 86
16 97
63 21
61 12
110 94
54 113
16 15
52 82
16 15
114 57
104 24
69 75
41 5
45 42
45 82
107 55
52 7
28 115
29 89
4 15
59 50
12 67
65 64
26 73
71 16
6 60
41 76
11 74
81 48
1 2
14 100
57 58
108 77
58 13
50 54
20 102
104 33
53 45
89 71
2 45
88 9
97 5
85 100
71 42
32 64
45 38
49 94
96 33
56 30
46 98
76 66
84 64
91 14
109 65
85 104
102 49
113 83
54 74
67 2
0 91
66 37
5 115
8 93
32 56
8 70
38 76
13 115
25 104
13 10
45 90
114 31
24 103
106 78
53 49
72 46
24 23
83 21
14 83
115 39
23 115
109 62
75 114
61 92
103 66
103 24
40 93
56 64
81 46
19 10
88 91
56 104
106 24
10 5
107 9
44 7
0 29
69 75
28 6
52 7
64 31
31 104
8 79
45 81
2 64
92 90
31 24
78 22
48 88
19 32
89 63
39 89
84 100
41 112
98 85
111 46
0 19
34 0
98 71
74 100
19 42
66 43
66 29
57 107
109 76
15 75
15 46
40 99
30 81
88 4
42 75
50 34
94 76
35 77
32 101
53 43
19 4
78 85
25 19
68 10
87 75
77 102
5 2
78 27
75 42
31 110
1 73
28 96
34 55
49 58
40 94
101 59
98 64
21 115
75 81
2 47
41 71
33 46
73 103
74 25
29 97
19 31
55 47
3 89
103 52
31 19
30 8
71 5
64 84
112 24
49 106
71 90
62 96
13 19
84 79
36 113
60 47
20 107
95 23
72 74
75 95
85 98
104 40
103 52
8 91
68 58
82 15
24 28
104 29
39 72
100 76
61 45
115 74
28 94
97 101
44 49
80 14
31 60
46 10
105 55
101 57
105 67
65 5
95 53
27 11
1 11
79 62
48 78
12 77
49 110
62 93
43 18
99 66
79 22
76 68
77 53
1 58
113 66
55 92
3 82
95 112
94 58
51 26
21 63
95 70
57 33
39 92
52 23
42 7
45 110
67 114
40 68
48 37
11 103
5 6
62 101
3 32
43 54
58 64
1 30
10 51
63 50
27 107
65 62
106 110
48 57
100 88
2 24
9 5
11 15
11 65
108 6
97 35
60 32
92 54
62 102
105 1
36 8
101 101
70 91
87 3
25 63
83 19
87 85
24 91
100 27
40 84
34 22
3 86
54 95
24 108
74 13
109 102
22 86
88 84
54 51
79 79
115 47
90 78
16 106
53 108
9 94
76 43
108 71
14 46
43 38
38 1
44 23
103 58
110 67
26 48
3 106
3 110
29 85
72 45
67 10
29 76
96 97
4 88
52 10
10 95
40 40
88 84
63 76
26 49
19 45
89 22
35 84
8 64
53 81
101 4
83 6
73 63
103 77
35 39
79 45
11 3
85 99
80 24
59 98
66 71
27 31
93 54
0 102
110 45
59 95
42 26
101 115
81 80
68 0
4 31
37 15
34 114
114 106
14 50
89 80
5 0
112 90
55 104
68 49
33 11
21 67
29 114
66 110
79 10
102 75
41 15
90 68
13 80
58 20
6 23
92 11
24 80
94 71
68 46
112 94
50 17
45 71
8 104
66 87
114 44
38 32
60 12
92 65
84 26
85 91
50 62
94 74
26 72
21 87
111 17
65 37
27 102
108 35
90 50
114 81
95 36
105 31
40 81
96 8
107 58
91 41
4 70
107 22
18 12
109 13
22 50
42 49
37 35
76 3
77 66
76 48
94 65
79 18
22 60
18 6
2 110
39 114
64 31
12 74
35 114
88 57
48 6
106 77
33 58
81 111
8 33
43 94
91 7
112 113
59 7
3 61
1 43
51 57
66 63
15 101
61 95
43 102
102 25
63 11
76 20
6 76
54 42
55 29
41 43
18 100
50 14
37 43
49 88
92 115
27 100
92 89
71 11
75 49
29 14
61 105
35 67
65 81
101 112
110 26
40 4
10 90
18 47
10 67
11 94
58 39
78 35
12 34
46 79
83 75
93 20
56 4
88 114
85 65
110 71
92 34
76 102
1 94
26 3
38 37
97 96
68 60
7 72
86 54
35 45
5 5
66 54
1 30
52 87
95 38
34 71
73 110
50 66
81 76
69 3
105 50
91 58
102 99
14 72
29 42
110 26
39 60
80 40
90 8
3 61
47 38
17 112
24 59
54 105
11 115
100 0
49 76
50 28
51 57
92 80
99 86
98 14
22 55
46 104
63 50
50 102
88 59
90 104
2 28
94 13
27 70
5 69
22 56
89 73
113 65
29 88
28 12
94 50
67 24
31 6
74 81
101 38
16 75
27 10
96 113
15 7
67 20
68 90
68 41
47 57
99 69
21 3
81 115
45 24
24 76
22 98
33 7
13 49
83 40
51 63
29 66
62 96
79 7
70 23
40 110
81 23
63 94
26 20
94 64
36 110
24 58
84 58
66 97
99 25
13 35
80 42
93 18
23 56
25 85
80 66
71 37
81 18
7 100
30 101
48 66
87 72
9 56
6 67
37 98
92 43
17 48
85 110
66 100
43 92
62 115
34 17
28 115
36 35
99 66
13 31
9 100
96 18
40 102
77 70
76 53
113 93
101 74
80 43
59 115
19 5
114 53
22 18
45 50
53 28
109 66
60 2
43 32
12 83
10 89
29 87
18 26
56 3
93 12
38 36
11 58
33 1
103 47
19 32
98 65
53 83
7 113
77 50
21 89
10 31
54 39
2 72
58 51
67 35
63 105
63 75
39 88
76 27
19 88
51 109
37 104
76 44
93 37
95 114
2 97
22 56
20 16
12 70
67 71
97 15
61 44
90 100
16 42
3 28
6 55
21 43
35 90
80 13
3 51
3 6
32 25
54 44
42 59
115 101
14 96
0 67
17 82
44 25
1 47
53 7
94 67
43 6
33 7
11 36
58 14
34 90
32 81
18 66
24 9
51 30
98 52
90 115
10 18
24 11
57 70
19 28
13 54
34 46
61 45
74 111
59 101
77 83
66 87
33 82
97 85
112 79
13 78
70 15
96 86
27 30
32 38
58 45
92 92
83 29
21 42
24 72
27 93
32 85
64 65
51 45
26 39
0 31
2 70
47 90
41 66
4 65
104 62
111 72
38 78
101 51
112 1
0 15
94 32
100 42
89 35
80 0
75 72
23 77
27 70
51 60
12 56
9 0
110 112
64 33
67 49
76 63
42 76
79 12
100 63
47 74
91 11
66 50
83 81
3 102
28 46
38 40
94 40
41 89
36 105
114 103
31 66
43 65
19 114
78 3
61 9
69 28
20 11
78 95

138 4245
108 83
128 80
111 54
6 10
119 59
74 17
0 57
102 123
10 17
35 122
34 61
37 96
129 91
47 134
115 32
103 85
17 133
67 31
50 74
41 71
35 17
129 35
74 93
61 85
12 96
109 46
59 9
4 51
2 92
87 117
26 52
104 44
48 34
75 0
10 18
71 45
76 62
120 12
57 83
137 69
42 109
18 3
118 62
54 22
16 3
42 43
96 8
127 46
82 104
86 92
122 59
39 100
24 22
113 121
105 112
53 49
83 111
53 103
35 107
28 92
13 70
37 109
118 26
57 63
130 5
57 16
64 97
117 88
119 132
72 86
106 27
38 92
0 91
97 75
100 125
69 113
97 106
124 78
34 43
43 26
48 100
83 113
59 62
103 80
56 37
69 64
64 107
18 104
60 116
82 62
5 53
78 103
22 64
43 96
10 86
123 58
88 108
73 10
32 79
130 128
116 61
54 83
30 113
89 130
91 73
55 96
127 35
101 51
99 6
9 109
132 34
70 83
4 45
133 76
124 125
66 5
49 121
128 119
136 79
112 89
55 69
87 44
104 51
135 105
97 6
117 92
41 89
77 85
36 72
24 63
99 90
68 50
113 58
32 111
39 46
102 94
17 92
40 23
45 37
128 44
84 9
38 125
98 115
112 37
89 136
100 91
129 30
3 6
128 75
118 69
23 122
66 40
116 106
63 23
46 94
108 130
5 8
19 6
124 131
43 115
32 5
68 23
75 72
69 105
49 49
36 73
74 4
113 52
13 79
116 59
75 86
91 80
94 110
86 120
5 31
98 37
36 28
100 111
2 32
118 52
121 17
125 97
21 2
12 74
121 30
133 58
18 86
41 112
98 29
135 104
61 95
43 137
25 6
13 28
78 131
120 101
50 9
61 112
51 113
48 35
5 44
133 63
32 36
37 131
106 74
137 69
31 42
68 57
88 81
125 28
115 9
32 27
18 93
1 109
108 50
6 113
134 42
78 68
78 17
61 86
92 60
17 123
5 126
82 93
69 109
24 86
118 56
114 38
51 17
10 21
67 56
36 103
98 114
34 79
131 135
27 85
98 85
111 103
73 95
98 44
107 122
131 127
80 9
28 131
26 78
54 134
36 90
99 135
66 133
116 100
131 45
87 91
130 60
96 105
18 56
12 27
41 45
16 23
54 44
17 120
24 71
116 61
64 118
98 130
113 76
132 8
23 82
1 16
44 97
121 102
16 35
129 97
120 8
120 76
52 39
59 117
13 77
80 77
57 40
109 73
18 104
81 41
88 123
97 132
82 121
97 0
58 88
137 41
96 22
19 51
101 118
30 114
58 12
93 115
92 65
90 110
71 34
53 21
19 53
55 3
36 14
44 134
103 43
37 101
105 97
14 69
77 84
45 135
96 41
15 50
106 105
62 79
41 18
2 60
71 57
104 9
112 10
5 77
93 83
80 61
82 95
130 21
81 77
59 80
118 74
32 126
81 135
107 123
15 109
85 126
29 51
37 43
101 82
120 57
67 102
118 11
99 12
33 43
89 132
123 110
68 17
98 11
14 68
36 69
79 122
97 10
75 134
53 39
119 75
136 48
40 116
100 1
128 35
84 119
29 69
91 137
127 92
50 43
62 87
15 43
111 112
54 48
11 107
127 32
85 27
120 125
45 82
28 35
19 113
57 88
84 50
87 73
44 0
19 8
87 74
52 60
48 106
10 99
115 40
131 62
67 16
89 113
0 118
50 20
93 107
108 39
60 58
15 104
98 74
15 47
10 67
9 98
75 19
60 52
99 93
17 29
11 106
4 12
86 94
32 81
104 42
23 26
2 78
32 100
14 47
49 64
114 58
24 91
118 124
6 79
120 63
10 131
31 54
5 20
11 77
3 115
120 26
43 122
104 115
85 20
65 36
84 81
95 11
35 115
135 41
56 19
6 107
13 37
23 18
97 74
96 101
91 118
127 36
102 134
14 89
16 79
126 3
22 123
14 57
100 51
0 58
71 6
27 84
84 91
4 43
27 2
46 21
120 36
57 125
72 71
116 88
52 6
131 75
31 7
34 131
99 75
92 32
81 21
18 67
112 62
13 42
65 59
63 87
135 120
114 69
94 133
60 8
41 53
123 73
101 20
106 62
95 60
134 78
122 14
48 96
76 61
40 43
22 5
33 20
28 49
129 122
44 91
130 86
7 18
21 10
38 29
72 35
130 108
15 114
24 63
112 2
26 15
46 49
20 119
109 48
30 2
72 75
94 105
63 3
123 124
13 63
15 125
98 7
95 113
121 119
79 96
121 105
13 69
56 73
50 67
24 81
70 96
58 26
103 121
29 88
107 82
53 122
69 53
32 26
69 15
7 10
13 30
17 66
100 74
2 52
3 66
133 113
64 93
1 30
76 70
20 45
14 74
70 83
29 102
11 98
19 58
108 73
89 126
1 91
102 43
5 7
11 41
121 76
134 24
106 73
95 28
20 11
4 130
135 34
94 8
132 16
67 5
129 58
33 130
51 135
76 56
44 87
97 27
25 134
92 33
109 49
102 129
100 106
122 97
42 118
8 77
36 115
82 27
35 115
60 86
14 136
44 58
125 44
126 53
40 80
126 11
31 90
42 131
99 26
131 43
47 1
120 83
116 64
111 53
81 33
41 95
71 85
56 98
31 44
13 71
26 42
122 57
132 27
90 133
93 83
39 42
124 21
126 4
126 1
57 69
74 0
67 7
126 25
7 19
109 21
91 135
63 115
94 97
4 46
133 0
32 74
42 58
135 70
63 123
71 22
95 7
23 64
54 11
89 62
70 60
123 23
97 88
41 53
47 85
1 42
85 33
18 30
92 16
100 57
1 74
79 136
81 4
62 38
55 53
2 126
15 125
11 112
75 92
67 24
40 69
107 27
102 125
57 96
3 60
15 5
134 135
43 117
1 106
17 57
61 19
45 77
46 96
51 121
51 21
8 91
90 115
20 94
4 78
93 8
40 108
53 36
105 96
15 9
104 73
66 28
132 13
7 41
109 98
24 62
119 72
15 71
89 76
68 94
16 23
4 56
131 57
132 1
55 9
50 22
122 116
90 117
31 137
20 2
97 84
65 79
59 120
52 10
58 120
6 114
5 50
72 39
107 66
80 65
116 130
87 2
10 79
119 41
78 41
83 37
126 50
18 47
33 71
97 131
93 6
10 99
56 82
40 66
51 120
131 69
14 120
71 64
101 93
105 81
134 90
20 122
3 39
71 76
12 71
69 105
117 79
106 75
64 8
3 115
30 36
86 84
58 19
10 21
112 17
4 11
108 25
133 13
104 107
89 116
80 60
123 59
2 92
36 106
2 80
83 73
116 71
19 77
130 70
0 7
87 5
18 97
30 53
12 134
22 101
14 4
24 137
103 66
131 2
34 36
82 19
109 100
90 30
39 82
100 40
89 90
85 9
89 17
63 102
13 125
105 67
130 31
66 95
97 100
97 33
136 81
92 107
44 44
39 123
29 2
25 20
132 12
30 83
29 93
87 82
80 55
11 72
86 118
70 86
80 29
21 118
111 114
87 57
60 28
42 89
30 108
12 24
120 42
10 12
37 97
134 19
14 48
92 3
28 64
129 10
133 12
128 106
28 117
65 89
7 108
40 78
78 52
4 100
134 14
14 33
112 11
53 28
59 47
71 127
111 102
137 106
17 29
115 45
8 42
134 55
52 37
133 130
129 0
93 126
54 107
61 68
20 114
137 79
63 110
68 76
75 107
85 92
136 62
137 46
6 134
102 59
73 137
51 64
39 46
92 94
56 16
64 76
32 63
58 96
36 126
74 111
96 21
105 134
83 104
43 130
2 47
51 75
46 4
2 86
91 134
82 9
12 8
125 85
72 45
83 10
34 19
23 32
41 128
68 26
94 111
18 97
20 109
74 107
114 76
95 107
113 39
116 125
47 5
112 21
51 57
31 125
77 54
59 20
84 127
46 41
101 65
40 23
76 114
32 92
93 127
61 68
28 79
95 116
85 70
39 136
29 111
123 106
67 44
126 14
73 75
95 76
42 135
100 118
13 132
73 106
24 134
76 52
76 74
70 63
46 110
61 75
83 86
44 12
32 72
66 105
9 23
44 51
20 46
72 74
80 7
42 104
43 21
59 21
95 129
84 3
3 47
118 126
133 24
41 67
137 107
35 48
131 119
2 53
27 74
127 9
81 72
114 124
133 75
8 130
66 132
133 110
42 113
98 77
40 41
7 79
11 82
29 44
63 31
137 130
105 127
1 88
101 17
115 96
92 25
88 61
19 123
33 101
0 33
41 80
75 88
21 126
32 51
72 135
122 71
127 130
100 128
80 63
8 97
61 2
122 51
63 44
76 136
47 77
32 88
19 9
78 81
37 110
34 109
107 58
42 136
50 5
127 33
108 37
130 72
39 17
123 5
101 62
3 10
41 35
1 100
84 79
83 121
52 19
92 61
78 37
60 128
82 89
23 92
28 56
26 107
73 52
112 36
16 116
86 57
53 87
59 0
29 5
23 121
24 18
44 102
95 6
93 39
135 18
33 25
74 60
133 49
14 9
125 30
125 74
127 81
63 48
81 92
53 6
75 118
24 22
82 119
68 77
60 66
136 94
91 72
56 126
24 70
136 51
2 123
125 31
66 51
79 49
45 35
56 121
15 120
45 97
102 113
77 64
41 75
20 35
49 76
23 73
48 21
125 50
47 14
81 15
105 63
105 13
98 23
36 15
45 81
14 49
96 91
114 0
28 134
35 78
113 98
53 23
22 80
114 69
95 97
124 102
62 91
115 62
16 53
77 62
36 92
111 133
45 87
35 114
124 110
94 1
70 9
24 92
130 40
63 127
40 50
91 4
3 109
67 20
24 6
82 61
0 95
56 86
85 91
62 71
63 18
112 35
67 136
30 99
79 93
88 21
5 42
25 49
13 92
69 37
1 53
0 1
50 96
87 135
49 51
108 14
109 82
90 79
121 120
40 102
75 129
123 121
73 50
32 86
5 3
25 46
56 66
47 8
24 37
6 114
88 114
128 100
99 120
41 82
102 121
46 80
112 71
103 47
121 135
35 28
40 101
74 136
29 24
6 93
61 12
69 51
29 100
13 30
82 94
112 47
78 60
29 92
131 132
42 16
31 117
45 71
80 119
69 11
5 115
105 106
128 36
20 59
136 73
89 121
70 103
70 10
25 99
102 58
133 6
114 26
124 21
137 106
43 108
20 48
85 27
57 115
103 117
76 4
52 27
125 24
32 57
34 97
18 39
57 53
85 34
79 111
55 118
120 0
88 2
49 75
69 8
53 34
125 129
38 79
59 25
104 91
82 40
91 2
119 10
55 67
44 36
80 2
16 102
2 6
6 91
82 75
99 37
110 86
68 10
28 127
76 132
121 20
74 74
63 56
84 20
25 31
57 105
33 113
110 35
120 116
127 104
54 128
3 26
77 111
76 7
3 14
1 124
75 115
100 0
33 86
20 58
117 117
66 52
93 38
128 115
16 19
81 110
9 124
38 86
97 115
93 100
31 134
126 106
112 128
8 47
77 69
8 96
48 114
51 43
14 41
20 70
60 3
43 69
127 81
58 127
98 53
129 130
90 118
0 104
108 9
13 87
118 61
86 68
37 137
112 51
80 34
24 2
38 107
111 67
90 71
96 51
27 88
83 117
108 83
83 118
132 136
68 112
60 56
43 97
95 57
51 37
131 75
79 71
44 92
1 134
26 137
87 53
87 32
72 97
116 17
78 110
15 48
125 75
104 70
75 61
29 126
98 22
103 39
94 9
33 135
45 59
134 35
14 124
67 86
83 85
5 23
98 21
71 85
136 77
57 73
0 86
101 0
10 66
79 104
115 113
3 23
74 40
98 89
26 27
77 11
113 83
75 113
104 48
60 4
126 19
118 28
105 81
69 115
10 10
122 125
123 125
50 60
27 10
51 93
78 128
7 53
113 82
68 119
32 128
124 60
49 104
129 56
87 60
73 97
70 57
125 96
85 37
18 14
88 109
10 28
1 17
121 115
1 51
96 73
81 122
134 130
128 125
48 78
47 121
77 19
81 64
115 68
4 35
82 92
6 92
22 48
11 5
25 12
56 23
126 39
48 122
31 38
11 119
18 58
4 96
77 125
62 95
55 106
130 0
100 137
132 122
87 46
29 112
98 125
37 86
26 125
70 97
26 121
118 84
41 123
82 21
12 47
116 68
15 10
108 116
49 4
2 136
50 32
12 11
19 50
97 86
77 70
45 5
53 26
90 135
51 34
58 63
121 76
131 137
86 3
17 136
8 59
134 58
91 9
109 13
99 69
99 38
41 46
44 94
72 36
131 123
110 51
89 94
127 82
133 116
126 12
114 134
71 12
94 65
21 66
118 22
37 79
101 118
125 47
114 100
83 108
125 55
21 76
11 51
61 46
29 49
58 45
85 32
57 41
137 119
9 117
3 46
98 6
26 125
53 3
87 136
111 115
94 34
53 7
125 114
54 56
65 14
101 12
86 21
94 85
2 103
104 45
12 64
52 78
92 105
81 81
6 94
58 100
31 112
9 58
128 63
115 56
78 78
108 26
1 64
14 3
30 118
89 82
85 3
22 79
108 6
22 114
2 81
116 73
55 126
132 85
51 11
43 31
129 14
98 131
118 14
36 50
132 125
132 119
128 57
60 99
103 123
115 105
66 134
81 121
122 115
68 75
126 14
9 117
28 107
12 48
121 49
99 17
36 133
39 27
52 1
28 17
124 45
25 52
41 8
75 65
123 46
3 13
60 12
32 128
21 45
38 44
94 39
61 32
35 2
59 127
4 127
47 30
35 72
83 116
120 20
44 7
106 47
20 28
99 52
58 22
137 97
66 133
136 29
28 73
32 127
63 76
117 110
106 54
84 91
32 66
14 76
73 120
25 133
51 26
87 109
48 87
108 114
122 9
46 12
82 78
2 47
56 21
19 64
75 5
18 107
71 32
86 46
14 111
41 105
0 31
77 88
118 47
105 4
56 13
17 41
131 59
88 49
80 108
113 17
113 33
26 87
65 112
35 120
86 117
127 126
10 66
76 30
114 43
34 72
96 51
113 89
12 64
0 92
74 16
109 89
89 136
78 57
12 114
39 98
93 28
126 103
135 105
133 13
50 29
85 9
121 101
98 133
27 1
88 3
57 99
92 8
137 33
65 12
49 6
12 4
75 1
9 112
8 4
125 58
73 112
67 96
75 28
92 4
69 82
47 126
83 2
36 123
75 102
37 124
10 49
30 125
90 39
99 98
83 126
19 58
101 126
17 78
56 11
83 125
133 32
15 78
74 52
103 11
56 2
37 106
52 107
94 44
48 95
5 131
84 64
92 47
92 109
125 11
22 110
136 17
5 54
135 79
106 101
131 64
103 70
32 57
40 126
102 128
124 9
24 70
113 116
117 67
127 6
78 11
19 117
68 64
33 65
5 41
68 38
105 74
11 137
131 91
28 135
81 14
46 105
84 21
83 103
89 112
109 69
123 30
48 53
94 121
21 2
24 129
40 129
65 91
31 99
44 59
96 126
113 5
133 99
66 119
64 17
93 75
87 79
106 37
34 102
21 95
104 45
87 7
37 54
0 68
15 45
29 112
73 44
19 68
5 85
49 109
5 5
86 132
124 94
31 60
59 52
58 25
0 47
72 77
101 73
47 117
118 76
131 53
22 52
23 27
39 73
136 44
118 124
38 6
81 110
106 2
64 66
27 64
15 100
3 117
35 50
136 55
28 31
10 50
123 33
77 24
8 115
109 28
102 49
74 45
21 83
87 86
11 114
52 27
116 56
46 53
106 44
10 135
115 20
87 100
54 27
26 102
44 37
131 48
87 67
133 10
12 82
136 64
99 51
131 117
9 39
33 115
123 43
14 2
104 102
4 60
31 30
24 115
68 17
26 57
125 21
67 39
6 106
5 105
19 136
84 68
77 19
45 62
103 100
64 69
104 68
129 37
1 55
14 109
113 80
28 2
102 135
81 108
103 87
115 24
125 101
92 65
121 40
127 126
42 94
97 48
64 128
85 65
45 1
76 20
82 104
22 86
102 104
96 107
93 73
132 80
36 126
7 59
28 37
47 70
33 6
20 97
134 105
65 42
9 3
102 131
10 27
79 112
33 37
121 126
110 17
108 48
6 116
108 74
15 17
47 88
64 67
47 60
75 112
4 84
18 107
77 28
134 58
42 69
95 25
57 107
83 27
17 89
45 125
25 100
45 112
50 109
42 98
31 117
112 36
103 32
45 42
60 81
100 4
12 97
70 109
66 15
38 123
104 84
111 31
46 58
6 137
69 88
137 2
67 13
78 72
46 123
16 8
66 116
13 118
115 83
89 43
98 128
68 104
114 81
135 62
1 43
61 70
131 60
73 100
74 53
34 22
39 50
30 7
68 43
126 85
126 117
30 126
9 99
92 123
42 130
88 84
35 51
16 69
14 129
71 128
45 8
12 124
58 42
131 29
126 21
114 114
41 47
103 50
8 97
76 50
89 66
134 125
117 53
96 131
84 29
121 31
37 133
17 136
78 51
67 66
112 83
82 15
130 87
106 0
47 84
91 136
12 127
25 31
42 23
25 29
93 48
60 32
84 118
70 64
31 137
130 45
123 114
61 115
64 69
18 13
55 11
51 107
0 77
0 83
2 65
112 95
16 74
128 100
54 60
26 85
100 58
131 85
34 94
102 0
65 120
53 120
33 105
129 74
84 129
19 86
97 33
44 113
107 74
115 64
134 3
11 96
101 44
83 37
40 48
38 105
70 91
127 104
98 118
40 44
12 99
131 109
132 77
124 3
13 101
67 49
6 119
48 107
65 131
6 106
41 84
113 112
78 5
118 38
25 20
123 37
21 18
48 15
95 34
58 10
37 28
59 43
9 107
52 114
101 59
122 4
45 98
18 25
5 38
104 30
58 89
68 119
107 18
36 64
53 95
74 90
123 35
36 34
5 88
10 106
49 133
12 95
133 71
22 0
109 126
70 70
77 40
51 46
59 88
12 112
85 126
104 110
24 2
6 69
91 56
37 42
91 89
39 86
62 62
126 74
50 99
6 128
1 97
76 60
87 89
74 34
117 81
6 3
83 52
72 76
109 11
119 102
3 60
51 105
122 79
41 35
40 87
25 82
87 3
44 36
132 119
111 112
62 19
17 47
72 90
26 83
3 47
47 46
107 0
14 92
80 95
29 22
85 54
6 34
97 51
110 92
72 83
66 134
103 83
83 77
75 109
22 119
58 69
27 28
110 81
22 92
39 51
16 124
7 23
60 104
74 32
58 8
116 26
44 121
110 29
60 47
1 82
68 99
53 96
29 65
39 51
19 118
4 36
6 11
59 66
18 35
1 116
43 117
5 127
2 17
18 62
104 59
46 35
21 1
131 90
67 72
4 126
93 48
24 99
100 123
68 118
20 109
136 103
128 3
92 130
60 13
94 27
72 2
62 133
43 95
86 12
69 130
1 24
40 25
26 2
51 134
22 71
105 21
77 95
64 31
87 27
84 83
54 19
85 18
54 30
113 2
43 84
132 44
109 75
109 37
117 62
73 2
134 40
63 73
37 29
6 26
56 91
109 12
12 96
30 66
126 45
69 71
130 103
17 3
80 29
80 60
91 15
62 87
55 27
62 132
96 69
20 15
62 129
27 74
127 98
42 115
5 13
89 37
117 106
40 59
135 22
21 89
37 123
78 132
12 3
126 109
112 8
26 36
39 53
12 28
13 54
46 59
68 135
96 87
103 39
48 3
61 70
92 99
55 72
93 108
75 122
119 89
32 7
27 112
100 39
42 16
134 88
75 104
125 73
53 131
112 3
134 76
113 128
37 31
102 32
41 80
56 22
31 89
69 59
63 31
0 105
87 36
96 64
2 123
0 95
116 14
1 14
90 114
44 127
47 9
62 88
89 118
12 22
109 81
121 74
15 24
82 4
60 40
69 103
65 69
100 84
83 101
98 36
118 45
65 27
94 127
18 85
10 30
107 119
14 131
96 69
17 40
73 117
80 4
82 47
73 85
131 59
88 132
95 68
39 62
136 35
52 16
120 102
86 129
123 100
122 81
31 41
121 7
21 103
11 103
13 125
90 6
46 41
40 43
11 119
105 9
16 59
25 38
63 112
70 49
114 94
32 48
136 16
55 19
21 106
24 34
93 17
81 41
58 121
124 69
5 92
119 21
53 6
60 117
20 32
28 37
126 60
85 26
116 42
45 0
50 110
74 6
127 57
87 87
81 74
58 86
68 39
107 121
86 69
100 8
3 30
45 130
91 32
18 109
74 104
109 27
116 86
33 7
5 22
134 126
136 54
74 66
134 84
50 82
55 52
130 59
83 38
51 76
70 109
47 47
75 59
74 93
7 9
100 52
71 96
41 70
53 115
38 49
61 88
131 117
43 123
38 126
63 129
64 36
100 111
123 78
32 99
33 79
10 36
132 81
132 35
53 47
52 92
96 16
82 129
133 27
17 73
15 120
104 119
58 66
93 43
46 27
44 80
9 54
116 3
38 12
78 131
100 32
125 98
48 110
90 83
137 9
58 15
31 24
36 90
131 129
35 39
59 80
21 108
134 39
13 74
92 131
108 54
25 95
14 74
67 6
59 107
55 118
24 87
4 60
79 37
92 114
77 13
56 0
23 93
80 36
29 34
29 137
88 54
135 4
30 64
11 90
33 66
70 57
55 114
20 134
54 112
111 131
125 29
33 10
24 113
86 94
9 115
133 137
31 130
4 102
97 15
54 32
121 26
130 39
42 12
75 96
124 48
129 13
118 25
63 44
40 11
0 50
126 134
49 59
126 53
23 125
108 77
20 92
5 12
33 48
24 108
46 50
59 38
63 79
103 126
123 5
137 124
95 27
22 7
86 50
100 110
38 111
89 58
65 95
110 0
45 134
10 131
86 69
71 11
50 36
137 76
42 38
102 39
65 124
86 13
36 49
25 74
22 115
132 127
112 104
127 59
2 39
92 88
109 26
1 61
62 40
137 6
78 101
46 45
87 132
99 26
83 124
100 7
3 135
36 17
3 25
116 46
65 71
36 76
97 38
39 21
78 39
68 59
2 114
6 130
10 105
18 134
132 118
3 37
17 40
55 21
105 73
67 72
6 103
50 103
43 90
27 24
31 95
123 33
111 129
65 23
137 83
19 33
104 63
70 121
103 27
44 110
101 13
85 9
19 135
113 62
127 42
86 20
137 71
94 12
103 21
35 102
7 55
37 111
118 107
134 123
37 81
95 40
94 82
49 113
80 64
78 69
106 66
130 7
0 86
19 5
9 55
107 16
12 6
29 32
15 66
57 92
9 14
132 5
97 84
21 79
10 99
50 19
27 42
26 67
30 86
72 40
3 81
56 55
127 86
87 45
14 6
137 63
60 34
68 59
118 89
40 30
90 91
49 20
35 116
87 66
64 62
106 107
5 24
24 35
12 13
80 66
59 119
129 21
15 60
121 35
51 23
66 4
16 17
24 92
35 13
20 99
75 126
108 121
52 34
18 105
47 0
33 8
119 25
70 37
85 93
72 38
116 40
82 35
98 106
127 133
22 49
135 137
77 105
120 31
2 40
136 89
80 32
0 62
57 70
1 44
25 73
82 43
114 27
118 74
35 9
109 97
58 106
97 37
114 119
69 116
62 67
107 4
99 9
106 18
79 107
102 6
43 47
90 59
114 110
35 51
120 6
11 80
15 108
118 129
89 49
9 53
116 18
58 78
28 66
136 9
36 101
16 119
50 8
80 66
118 115
117 2
23 128
83 38
0 103
69 90
14 78
5 32
97 103
12 125
32 11
36 108
14 52
129 64
100 71
130 121
88 11
123 111
2 68
52 2
33 121
132 87
102 40
120 101
45 132
128 117
45 26
87 59
119 118
25 81
51 57
64 41
109 50
15 111
20 107
15 94
130 50
43 94
130 65
57 37
100 87
17 7
114 6
107 95
125 34
38 78
132 103
120 103
55 37
116 115
6 131
71 136
83 17
133 75
82 92
113 84
42 32
92 18
38 101
113 25
37 53
104 31
58 126
36 113
25 14
131 71
48 64
69 33
81 104
109 66
59 84
12 101
18 6
21 56
9 36
122 47
89 128
118 10
116 57
25 3
71 18
74 21
123 45
55 106
52 26
74 111
12 87
114 30
133 37
126 5
73 110
92 24
100 112
74 118
31 2
23 5
60 137
26 45
45 121
14 137
49 88
12 101
77 28
33 113
65 22
20 0
34 112
64 37
126 41
17 20
43 41
25 5
40 91
51 125
75 105
26 26
95 38
128 35
66 63
10 131
85 70
33 22
84 0
59 72
41 116
92 124
59 19
129 2
111 42
127 88
49 56
114 7
94 6
42 23
70 92
56 57
64 90
79 10
130 40
82 33
19 77
59 118
96 50
120 109
133 12
99 44
68 116
91 24
122 133
87 94
127 6
54 93
136 35
103 128
76 88
63 135
27 122
115 25
34 98
37 69
12 136
114 80
114 67
104 1
103 94
135 132
100 51
88 0
127 93
30 105
43 93
102 110
77 119
38 13
119 75
83 131
73 99
113 90
68 120
131 73
76 128
108 78
82 58
78 71
53 108
38 97
63 42
109 42
63 9
55 45
84 0
78 60
1 54
12 70
36 5
45 112
35 15
92 117
113 32
50 29
42 88
126 7
32 97
49 96
107 6
3 93
47 121
15 48
77 67
20 15
112 66
29 10
81 121
29 57
15 80
86 97
70 114
104 103
113 15
61 122
62 104
78 109
127 133
19 67
63 40
82 77
8 14
127 89
135 19
48 53
99 36
12 71
12 117
76 126
34 39
110 96
45 90
107 35
86 127
4 51
69 126
30 117
2 20
68 0
39 19
93 40
55 105
111 68
124 50
96 61
129 108
59 37
101 29
72 49
58 116
2 29
104 32
8 9
52 116
9 131
135 4
33 53
109 47
23 136
137 21
59 128
129 20
27 92
49 1
43 9
117 85
38 84
118 46
93 72
25 4
66 22
8 99
115 19
8 40
57 7
61 18
136 93
39 65
87 128
67 33
0 46
118 38
130 98
125 125
33 12
31 99
74 39
100 92
99 109
132 18
18 56
37 56
51 116
122 0
106 51
33 8
137 14
87 32
14 74
19 47
126 51
48 102
130 11
56 131
22 51
52 80
9 89
137 100
107 23
100 115
114 36
124 113
90 113
47 104
89 67
54 77
20 102
81 52
15 0
46 37
91 98
20 2
89 19
102 98
82 104
75 98
2 101
113 92
76 23
99 27
130 15
6 12
19 88
104 35
88 52
112 81
12 132
83 3
53 47
101 37
13 79
135 56
42 111
50 119
134 11
8 126
66 55
40 86
5 6
121 93
59 135
76 111
130 21
17 85
108 20
123 23
99 120
79 4
93 32
25 129
43 73
117 12
128 59
98 133
66 81
128 27
78 66
0 110
127 17
58 97
38 43
23 39
65 4
83 21
36 108
52 120
44 32
132 34
91 92
70 59
75 60
86 55
127 127
28 18
46 126
116 84
31 1
26 136
5 109
19 82
80 72
64 26
6 58
100 137
52 32
99 127
93 47
84 122
36 14
2 83
2 20
69 73
61 135
72 67
107 131
51 89
105 115
115 13
75 77
13 127
110 14
18 105
61 102
129 0
117 33
123 21
54 94
95 17
132 29
124 101
62 37
52 30
14 69
43 89
8 96
118 20
110 136
27 74
3 18
114 120
92 1
3 48
95 0
65 89
29 52
92 92
89 46
24 6
115 67
135 26
66 116
46 38
16 114
112 19
34 88
41 126
89 85
36 87
85 4
78 17
56 73
11 47
119 35
93 97
4 91
25 70
109 111
109 125
87 123
47 122
114 88
110 105
35 49
54 121
53 35
40 109
108 51
58 89
86 14
88 90
7 113
63 116
87 34
5 36
59 92
60 35
43 33
3 118
82 97
3 135
132 43
8 102
94 106
94 82
120 44
75 29
60 0
47 9
74 53
85 133
7 8
31 90
81 34
111 25
131 114
62 28
60 110
130 56
78 126
1 101
33 76
32 93
116 80
4 52
35 129
47 82
137 118
35 80
14 8
7 48
24 109
76 84
81 108
3 62
97 44
65 32
22 97
27 0
39 31
92 114
22 1
59 62
120 94
4 36
4 52
84 28
23 62
15 105
33 18
69 32
62 134
64 84
93 91
124 35
24 78
11 86
79 110
10 101
66 55
40 110
9 26
1 32
89 16
137 24
74 108
56 38
104 22
122 100
113 108
37 39
88 88
125 69
61 38
33 29
133 113
2 4
1 43
36 130
99 76
16 35
86 112
113 53
134 97
55 11
107 92
90 97
82 118
28 5
18 61
35 53
36 77
97 78
120 35
70 81
111 127
18 60
3 131
15 40
130 110
91 1
64 44
98 48
24 126
94 82
90 129
37 28
108 134
106 90
31 79
73 45
108 91
7 111
124 62
13 116
34 7
19 0
51 117
48 115
105 4
99 97
35 136
126 5
34 134
135 65
75 70
12 45
63 19
59 89
121 112
107 17
119 126
17 32
105 106
9 113
110 10
112 8
8 100
53 42
97 91
10 74
23 22
22 127
82 81
118 65
55 88
83 37
76 2
109 84
108 21
99 81
31 73
129 40
76 84
122 75
37 132
11 101
57 73
130 1
56 110
106 112
60 51
51 39
94 62
123 64
83 124
47 17
59 78
97 37
65 81
112 102
116 124
105 35
99 97
76 18
70 44
32 32
136 83
111 92
47 136
58 131
122 8
10 84
86 107
121 13
90 96
18 68
122 123
5 83
83 81
3 55
28 35
127 26
20 101
20 68
99 78
101 84
126 13
70 75
22 53
128 112
11 8
83 35
34 88
21 19
72 24
114 100
60 103
28 120
106 48
50 68
28 53
54 17
66 124
132 88
79 24
63 131
73 48
28 107
136 49
126 70
114 4
72 36
107 100
18 76
50 109
46 79
24 2
136 91
28 130
81 107
56 6
2 129
94 31
0 93
120 28
65 96
32 0
34 2
2 93
118 53
64 66
132 128
68 32
121 136
64 65
7 120
111 10
112 68
41 112
23 63
3 128
22 75
30 56
77 33
11 97
126 115
65 120
106 35
54 89
33 118
16 41
100 30
51 114
98 132
129 23
57 34
13 79
109 84
38 89
117 49
88 105
67 16
127 35
51 83
26 85
63 83
28 65
113 79
42 73
73 73
136 130
107 11
72 118
135 12
109 114
101 60
121 30
76 12
65 29
95 132
114 20
77 4
126 52
123 70
27 58
5 25
51 14
76 25
34 74
77 6
90 40
66 114
71 44
126 38
73 84
32 90
6 109
94 34
63 120
104 130
40 109
17 131
25 134
58 60
110 135
106 62
38 34
38 109
118 27
9 53
13 82
5 59
93 2
94 19
122 100
11 64
112 69
58 137
105 116
99 77
114 67
1 54
3 80
25 121
9 74
37 62
18 82
23 112
84 19
33 108
120 84
35 94
55 93
93 22
111 95
1 127
24 43
43 28
123 68
11 34
45 88
96 63
33 119
77 19
1 110
128 121
57 25
77 14
118 72
37 131
69 38
121 94
81 26
24 106
135 75
2 42
26 98
105 99
120 85
118 121
57 108
6 16
133 123
31 15
97 108
49 29
8 32
25 130
58 49
0 55
26 3
137 92
3 105
53 123
52 74
8 11
44 14
68 80
39 99
135 137
109 46
28 19
78 93
51 39
44 52
134 70
55 134
25 58
3 118
84 95
54 92
106 1
9 76
81 48
77 118
87 48
27 115
68 7
110 119
46 16
33 83
87 128
79 14
89 82
34 35
39 89
29 47
90 38
124 73
127 63
53 76
112 120
94 82
128 66
103 76
83 137
21 72
29 100
126 118
84 22
55 123
111 85
73 103
25 59
78 14
122 34
131 136
56 87
120 46
15 86
25 0
125 86
112 16
89 100
37 35
123 92
61 136
79 134
4 105
55 82
21 79
18 14
118 75
101 100
23 19
88 88
59 75
37 34
92 126
134 31
63 21
123 124
20 65
120 24
72 77
8 93
19 27
10 137
4 111
1 27
32 90
18 132
27 55
68 21
83 64
52 8
126 78
133 8
45 115
72 117
55 120
72 114
9 82
15 53
96 56
121 30
8 1
64 76
96 132
137 41
59 92
49 87
72 44
95 117
62 69
96 19
51 70
35 101
55 50
16 53
8 39
123 17
40 50
133 136
44 34
79 5
28 129
92 100
75 89
79 39
20 37
98 112
10 133
75 65
85 131
20 94
73 5
13 113
55 48
14 100
82 93
105 111
124 100
73 102
51 55
3 112
132 102
86 4
137 63
109 85
96 129
81 31
135 94
47 92
44 101
54 126
96 62
1 83
24 115
47 115
72 90
129 66
94 117
71 94
42 82
81 41
74 24
112 111
20 61
65 64
24 22
92 23
124 134
8 50
13 95
27 85
47 19
13 4
136 124
0 81
69 81
24 45
7 38
18 67
100 123
33 26
7 125
49 33
23 57
83 36
14 111
23 102
32 77
8 70
63 8
53 34
89 117
119 136
18 39
65 118
25 98
6 72
125 56
106 11
15 51
87 70
64 13
34 96
90 42
69 15
50 122
90 41
102 71
39 120
111 6
2 136
104 8
110 91
104 78
4 22
32 132
92 96
7 126
95 97
70 66
14 22
50 104
63 54
38 4
76 51
10 118
49 16
127 61
9 133
42 14
57 74
8 11
72 55
39 69
14 109
135 28
131 88
133 96
44 73
100 23
124 12
3 75
28 32
136 78
28 80
92 125
16 2
137 129
57 38
60 71
50 98
1 83
88 36
42 132
109 44
17 135
57 21
72 125
53 111
65 121
53 59
109 110
61 10
3 20
88 103
131 0
63 133
84 13
31 126
48 43
72 65
80 31
126 55
59 42
28 26
65 121
86 76
133 49
86 136
110 37
102 103
37 27
0 23
81 72
51 129
115 124
96 57
17 85
112 76
29 42
103 94
66 51
33 61
2 21
60 112
58 24
78 136
91 118
21 74
52 73
65 29
59 64
127 116
11 3
55 40
86 60
36 14
13 109
75 15
131 37
30 51
101 10
89 95
128 111
31 43
86 137
112 47
63 101
25 74
7 120
16 133
42 52
9 55
64 124
111 57
24 3
10 27
13 100
122 3
113 16
86 61
15 61
10 118
64 75
94 71
98 110
66 2
64 115
98 128
102 71
87 28
74 98
55 127
100 80
32 75
96 119
38 13
42 48
33 106
25 127
80 123
1 48
28 105
26 126
136 30
99 85
98 75
85 55
64 47
135 96
122 133
77 62
48 21
12 81
128 38
70 110
63 111
20 91
79 86
119 77
18 80
64 116
57 12
74 121
99 71
120 124
107 99
48 17
121 61
99 13
1 71
123 104
45 5
58 124
132 79
103 12
62 69
31 119
81 105
5 43
38 125
29 47
86 117
65 109
80 26
122 81
97 107
48 44
15 8
70 9
87 35
21 51
105 52
33 88
59 38
33 0
65 102
47 53
82 112
25 64
0 9
8 0
19 96
84 34
6 17
43 133
92 104
47 99
59 80
50 118
20 123
118 85
128 28
0 72
2 65
136 43
75 46
83 134
44 29
30 50
86 113
46 41
79 93
2 0
75 92
119 95
118 1
82 108
29 122
82 72
50 120
115 27
29 100
23 113
31 53
26 118
28 72
61 9
67 63
10 4
58 31
1 38
32 123
48 102
107 130
36 59
112 53
86 43
15 11
19 86
104 85
66 34
59 127
44 126
93 94
32 53
27 73
131 99
58 41
63 67
33 1
127 47
54 115
131 109
127 12
58 133
137 26
30 58
16 74
86 109
70 20
64 97
133 57
58 93
98 24
22 33
25 51
80 120
29 73
91 58
125 51
53 124
78 123
84 134
59 32
7 31
92 71
128 87
128 89
42 88
113 105
121 0
18 103
22 87
39 16
47 26
67 3
53 47
126 137
43 88
72 90
119 26
23 12
16 13
101 98
3 76
65 26
116 124
130 1
113 31
17 23
97 124
66 52
34 54
52 117
4 26
70 26
92 133
38 10
9 1
109 52
117 76
79 135
102 71
136 78
4 55
3 3
42 69
56 116
25 10
135 70
76 67
96 30
63 36
41 112
77 52
66 56
30 7
53 133
118 92
113 24
49 116
68 131
87 26
109 14
36 9
84 14
76 82
44 41
20 125
55 97
79 122
55 110
31 11
105 12
5 80
76 54
98 6
48 87
32 59
101 108
68 88
122 47
32 69
128 53
96 46
52 38
30 10
10 101
21 115
113 26
97 52
120 57
98 70
46 131
32 9
3 2
97 28
49 32
97 80
125 55
126 39
133 58
49 5
21 110
22 37
38 21
129 21
118 89
91 26
122 123
36 28
126 35
56 77
67 55
19 54
110 47
134 8
105 85
13 29
98 76
106 136
97 97
19 78
88 13
6 113
38 42
3 26
118 59
6 47
114 65
4 126
113 40
134 120
27 50
51 125
126 19
124 125
116 45
105 107
58 112
82 97
56 85
25 36
46 71
124 62
137 30
90 112
70 87
134 137
39 48
125 67
67 13
54 86
58 22
55 19
134 39
18 52
124 83
129 72
17 115
134 16
7 86
30 117
75 26
116 16
114 5
83 84
18 0
32 117
62 127
136 98
28 56
52 54
1 43
126 18
60 24
74 67
12 104
46 128
33 65
6 49
70 90
133 89
130 27
108 54
56 8
54 84
64 106
0 65
52 28
124 112
52 60
42 65
67 128
55 2
55 101
51 126
53 47
117 45
114 127
1 33
135 55
117 61
64 20
28 116
48 54
130 101
115 74
68 84
65 25
86 22
126 137
50 42
46 69
127 63
58 129
96 55
86 75
18 52
135 87
30 46
3 63
49 20
137 117
104 104
44 52
127 32
52 39
114 0
109 104
63 69
135 21
125 123
137 45
38 134
132 108
82 136
33 131
58 73
12 25
39 56
77 68
89 31
108 65
72 119
71 135
90 108
59 77
94 98
123 34
134 19
4 79
57 78
112 116
13 125
3 52
43 120
121 132
14 131
100 86
14 73
123 104
84 84
84 80
44 109
114 81
128 118
62 88
98 36
66 111
23 109
